end_time: 2025-12-16 08:50:18.554983
end_time: 2025-12-18 09:16:32.232604
